1, 1, 1, 1, 1, 1, 1, 1, 1, 1, 1, 1, 1, 1, 1, 1, 
1, 1, 1, 1, 1, 1, 1, 1, 1, 1, 1, 1, 1, 1, 1, 1, 
1, 1, 1, 1, 1, 1, 1, 1, 1, 1, 1, 1, 1, 1, 1, 1, 
1, 2,
1, 1, 3, 4, 5, 6, 1, 1, 1, 1, 1, 7, 8, 9, 1, 1, 
1, 10, 11, 12, 13, 14, 15, 1, 1, 1, 1, 16, 17, 18, 19, 1, 
1, 1, 1, 20, 21, 22, 23, 1, 1, 1, 1, 16, 17, 18, 19, 1, 
1, 2,
24, 25, 26, 27, 28, 29, 30, 31, 1, 32, 33, 34, 35, 36, 37, 38, 
39, 40, 41, 42, 43, 44, 45, 46, 47, 48, 49, 50, 51, 52, 53, 54, 
55, 56, 57, 58, 59, 60, 61, 62, 63, 48, 49, 50, 51, 52, 53, 54, 
55, 2,
1, 64, 65, 1, 1, 66, 67, 68, 1, 69, 70, 1, 1, 1, 71, 72, 
73, 74, 75, 1, 1, 1, 1, 76, 77, 1, 78, 79, 1, 80, 81, 82, 
83, 1, 84, 85, 1, 1, 1, 86, 87, 1, 78, 79, 1, 80, 81, 82, 
83, 2,
88, 89, 89, 89, 89, 89, 89, 89, 89, 89, 89, 89, 89, 89, 89, 89, 
89, 89, 89, 89, 89, 89, 89, 89, 89, 89, 89, 89, 89, 89, 89, 90, 
1, 1, 1, 1, 1, 1, 1, 1, 1, 1, 1, 1, 1, 1, 1, 1, 
1, 2,
91, 92, 93, 91, 91, 91, 91, 91, 91, 91, 91, 91, 91, 94, 91, 91, 
91, 91, 91, 490, 91, 91, 91, 91, 91, 91, 91, 91, 91, 91, 91, 95, 
96, 96, 96, 96, 96, 96, 96, 96, 96, 96, 96, 96, 96, 96, 96, 96, 
96, 97,
98, 99, 100, 101, 508, 91, 102, 91, 91, 490, 91, 91, 91, 103, 91, 91, 
508, 91, 104, 91, 91, 490, 91, 91, 105, 91, 91, 91, 91, 91, 507, 91, 
91, 91, 91, 91, 91, 489, 91, 91, 91, 91, 91, 91, 91, 91, 91, 91, 
91, 106,
107, 108, 109, 110, 111, 91, 91, 112, 113, 113, 113, 114, 113, 115, 116, 91, 
491, 91, 117, 91, 91, 91, 91, 91, 118, 91, 91, 91, 119, 120, 121, 91, 
91, 91, 490, 91, 91, 91, 91, 91, 91, 91, 91, 91, 91, 490, 91, 91, 
91, 106,
122, 123, 124, 124, 125, 91, 91, 126, 127, 128, 128, 129, 130, 131, 132, 508, 
509, 91, 91, 133, 134, 135, 136, 137, 138, 139, 508, 91, 91, 91, 91, 507, 
91, 140, 91, 91, 91, 91, 91, 91, 91, 91, 91, 91, 91, 91, 91, 91, 
91, 106,
141, 142, 143, 144, 145, 146, 489, 148, 149, 150, 151, 152, 153, 154, 155, 156, 
157, 157, 507, 158, 159, 160, 161, 162, 163, 164, 157, 157, 157, 157, 157, 165, 
91, 166, 91, 91, 91, 91, 91, 91, 91, 91, 91, 91, 91, 91, 91, 91, 
91, 106,
167, 168, 169, 170, 170, 170, 170, 170, 170, 170, 170, 170, 170, 170, 170, 170, 
170, 171, 170, 170, 170, 170, 170, 170, 170, 170, 170, 170, 170, 170, 170, 172, 
91, 91, 91, 91, 91, 91, 91, 91, 91, 91, 91, 91, 91, 91, 91, 91, 
91, 106,
173, 174, 175, 176, 177, 178, 178, 178, 178, 178, 178, 178, 178, 178, 178, 178, 
178, 179, 180, 181, 178, 178, 178, 178, 178, 178, 178, 182, 183, 178, 178, 184, 
185, 186, 187, 91, 490, 91, 91, 91, 91, 91, 91, 91, 91, 91, 91, 91, 
91, 106,
188, 188, 189, 190, 191, 192, 192, 193, 178, 194, 188, 188, 195, 178, 178, 196, 
188, 197, 198, 178, 178, 196, 188, 188, 199, 178, 178, 200, 201, 178, 178, 202, 
203, 204, 205, 91, 91, 91, 91, 490, 91, 91, 91, 91, 91, 91, 91, 91, 
91, 106,
206, 206, 207, 208, 209, 210, 211, 212, 178, 213, 206, 206, 214, 178, 178, 215, 
216, 217, 218, 178, 178, 215, 206, 206, 218, 178, 219, 220, 221, 178, 178, 222, 
223, 224, 225, 91, 91, 91, 91, 91, 91, 91, 91, 91, 91, 91, 91, 91, 
91, 106,
178, 178, 178, 226, 227, 228, 229, 178, 178, 178, 178, 178, 178, 178, 178, 230, 
231, 232, 233, 178, 178, 178, 178, 178, 178, 178, 234, 235, 178, 178, 178, 236, 
237, 238, 239, 91, 91, 91, 91, 91, 91, 91, 91, 91, 91, 91, 91, 91, 
91, 106,
178, 178, 178, 178, 178, 178, 178, 178, 178, 240, 178, 178, 178, 178, 178, 178, 
178, 178, 241, 178, 178, 178, 178, 178, 178, 178, 178, 242, 243, 178, 178, 202, 
244, 245, 246, 91, 507, 91, 91, 91, 489, 91, 91, 91, 91, 91, 489, 91, 
91, 106,
247, 247, 247, 247, 247, 247, 247, 247, 247, 248, 247, 247, 247, 247, 247, 247, 
247, 247, 247, 247, 247, 247, 247, 249, 178, 178, 178, 178, 178, 178, 178, 250, 
251, 252, 253, 91, 91, 91, 91, 91, 91, 91, 91, 91, 91, 91, 91, 91, 
91, 106,
91, 91, 91, 91, 91, 490, 91, 91, 91, 91, 91, 91, 91, 91, 91, 91, 
91, 91, 91, 91, 91, 508, 91, 254, 178, 178, 178, 178, 178, 178, 178, 255, 
256, 257, 258, 91, 91, 91, 91, 91, 91, 91, 91, 91, 91, 91, 91, 91, 
91, 106,
91, 91, 91, 91, 91, 91, 91, 91, 91, 508, 91, 91, 91, 91, 91, 91, 
91, 91, 91, 91, 91, 91, 91, 254, 178, 178, 178, 259, 178, 178, 178, 260, 
261, 262, 263, 91, 91, 91, 91, 91, 91, 91, 91, 91, 91, 91, 91, 91, 
91, 106,
91, 91, 91, 91, 91, 91, 91, 91, 91, 91, 91, 91, 91, 91, 91, 490, 
91, 91, 91, 91, 91, 91, 91, 254, 178, 178, 178, 264, 178, 265, 266, 202, 
267, 268, 269, 91, 91, 91, 91, 91, 91, 91, 91, 91, 490, 91, 91, 91, 
91, 106,
91, 91, 91, 91, 91, 91, 91, 91, 91, 91, 270, 91, 91, 508, 91, 271, 
91, 91, 91, 91, 91, 91, 91, 254, 178, 178, 178, 272, 273, 274, 275, 276, 
277, 277, 278, 91, 91, 91, 91, 490, 91, 91, 91, 91, 91, 91, 91, 91, 
91, 106,
91, 91, 489, 91, 91, 491, 91, 91, 91, 490, 91, 91, 91, 91, 91, 91, 
507, 91, 91, 91, 91, 91, 91, 254, 178, 178, 178, 279, 178, 280, 281, 282, 
91, 91, 91, 91, 91, 91, 91, 91, 91, 91, 91, 91, 91, 91, 91, 91, 
91, 106,
91, 91, 91, 91, 91, 509, 91, 91, 91, 91, 91, 91, 91, 91, 91, 91, 
91, 91, 91, 91, 91, 91, 91, 254, 283, 284, 178, 178, 178, 285, 286, 282, 
91, 91, 91, 91, 91, 91, 91, 489, 91, 91, 91, 91, 91, 507, 91, 91, 
91, 106,
91, 91, 91, 91, 91, 91, 91, 91, 91, 91, 287, 91, 91, 91, 91, 91, 
91, 91, 91, 91, 91, 91, 91, 254, 288, 289, 290, 178, 178, 178, 178, 282, 
91, 489, 91, 91, 91, 91, 91, 91, 91, 91, 490, 91, 91, 91, 91, 91, 
91, 106,
91, 91, 91, 91, 91, 91, 91, 91, 91, 91, 91, 91, 91, 91, 91, 91, 
91, 91, 91, 91, 91, 91, 91, 254, 291, 292, 293, 294, 178, 178, 178, 282, 
91, 91, 91, 91, 507, 91, 91, 91, 91, 91, 91, 91, 91, 91, 91, 91, 
91, 106,
91, 91, 91, 91, 91, 91, 507, 91, 91, 91, 91, 91, 491, 91, 91, 91, 
91, 91, 91, 91, 91, 91, 91, 254, 295, 296, 178, 297, 178, 178, 178, 282, 
91, 490, 91, 91, 91, 91, 91, 91, 91, 298, 299, 91, 91, 91, 91, 91, 
91, 106,
91, 91, 91, 91, 91, 91, 91, 91, 91, 91, 91, 490, 509, 91, 91, 91, 
91, 91, 91, 91, 490, 91, 91, 254, 178, 178, 178, 300, 178, 178, 178, 301, 
302, 303, 304, 305, 305, 305, 305, 306, 91, 307, 308, 91, 91, 91, 91, 91, 
91, 106,
91, 91, 91, 91, 91, 91, 91, 91, 91, 508, 91, 91, 91, 91, 91, 91, 
91, 91, 91, 91, 91, 91, 91, 254, 178, 178, 178, 309, 178, 178, 178, 310, 
311, 312, 313, 314, 315, 316, 317, 318, 91, 91, 491, 91, 507, 91, 91, 91, 
91, 106,
91, 91, 91, 91, 91, 91, 91, 91, 91, 91, 91, 91, 91, 91, 91, 91, 
91, 91, 91, 91, 91, 91, 91, 254, 178, 178, 178, 178, 178, 178, 178, 310, 
319, 320, 321, 322, 323, 324, 325, 318, 91, 91, 509, 91, 91, 91, 91, 490, 
91, 106,
91, 91, 91, 91, 91, 91, 91, 91, 91, 91, 91, 91, 91, 91, 91, 91, 
91, 91, 489, 91, 91, 91, 91, 254, 178, 178, 178, 178, 178, 178, 178, 326, 
327, 328, 329, 330, 331, 332, 333, 334, 489, 335, 335, 335, 335, 335, 336, 337, 
338, 339,
91, 91, 91, 91, 91, 91, 91, 91, 491, 91, 91, 91, 91, 91, 91, 91, 
91, 91, 91, 91, 91, 91, 91, 254, 178, 178, 178, 178, 178, 340, 341, 178, 
178, 178, 178, 178, 178, 178, 178, 178, 178, 178, 178, 178, 178, 178, 178, 178, 
178, 178,
91, 91, 489, 91, 490, 91, 91, 91, 509, 91, 91, 91, 91, 508, 91, 91, 
91, 91, 91, 491, 91, 91, 91, 254, 178, 178, 178, 342, 343, 344, 345, 346, 
178, 178, 178, 178, 178, 347, 178, 178, 178, 178, 178, 178, 178, 178, 178, 178, 
178, 178,
91, 91, 91, 91, 91, 91, 91, 91, 91, 91, 91, 91, 91, 91, 91, 91, 
91, 91, 91, 509, 91, 508, 91, 254, 348, 349, 178, 350, 351, 352, 353, 178, 
178, 178, 178, 178, 178, 354, 178, 178, 178, 355, 356, 178, 178, 178, 178, 178, 
178, 178,
91, 507, 91, 91, 91, 91, 91, 91, 91, 91, 91, 490, 91, 91, 91, 507, 
91, 91, 91, 91, 91, 91, 91, 254, 357, 358, 178, 178, 359, 360, 178, 178, 
361, 362, 362, 178, 178, 363, 364, 364, 365, 366, 367, 368, 368, 369, 178, 370, 
362, 371,
595, 596, 616, 596, 595, 596, 594, 593, 593, 616, 582, 595, 596, 593, 582, 593, 
595, 593, 596, 593, 582, 593, 582, 254, 178, 178, 635, 178, 178, 178, 178, 178, 
178, 178, 178, 178, 178, 178, 178, 178, 372, 373, 178, 178, 178, 178, 178, 178, 
178, 178,
374, 374, 374, 374, 374, 374, 374, 374, 374, 375, 374, 374, 374, 374, 376, 374, 
374, 374, 374, 374, 374, 374, 374, 377, 378, 378, 378, 378, 379, 378, 378, 378, 
380, 381, 378, 378, 378, 378, 378, 378, 378, 378, 378, 378, 378, 378, 378, 378, 
378, 382,
383, 384, 385, 386, 387, 388, 389, 390, 391, 392, 393, 394, 395, 396, 397, 398, 
399, 400, 401, 402, 403, 404, 405, 406, 407, 408, 409, 410, 411, 412, 413, 414, 
415, 416, 417, 418, 419, 420, 421, 422, 423, 424, 425, 426, 427, 428, 429, 430, 
431, 432,
433, 434, 435, 436, 437, 438, 439, 440, 441, 442, 443, 438, 444, 445, 446, 447, 
438, 448, 438, 449, 450, 451, 438, 438, 452, 453, 454, 455, 438, 438, 456, 457, 
438, 438, 438, 438, 458, 459, 460, 461, 462, 438, 438, 438, 438, 438, 438, 438, 
463, 464